0 0.09677077684381781 0.46451752304772237 0.09952464072668116 0.4634583446312365 0.09994831209327551 0.4609163164316703 0.0980417909436009 0.4587979595986985 0.09846546231019526 0.45583226003253796 0.10206666892624731 0.453502067516269 0.10630338259219092 0.45625593139913234 0.1054560398590022 0.4598571380151844 0.10376135439262475 0.4607044807483731 0.1065152182754881 0.4632465089479393
0 0.09888913367678961 0.4712962649132321 0.10227850460954449 0.4748974715292842 0.09931280504338398 0.4810407063449024 0.10079565482646424 0.4882431195770065 0.10820990374186554 0.48887862662689807 0.11371763150759222 0.4844300772776573 0.11159927467462041 0.4789223495119306 0.10672705395878528 0.4755329785791757 0.10630338259219092 0.4704489221800434
1 0.14666174878370525 0.43841428298217355 0.15080680511965555 0.44907599636049306 0.1409348482878783 0.452914011486373 0.13678979195192795 0.44225229810805344
3 0.16710022369848154 0.4431221190347072 0.1654055382321041 0.43210666350325383 0.16032148183297176 0.42659893573752716 0.1609569888828633 0.4210912079718005 0.16837123779826463 0.4215148793383948 0.17006592326464207 0.42786994983731025 0.16879490916485898 0.4314711564533623 0.1738789655639913 0.44036825515184386
1 0.21868588110474643 0.41405317940299785 0.22283093744069674 0.42471489278131735 0.2129589806089195 0.4285529079071973 0.20881392427296913 0.41789119452887774
0 0.19887557619305857 0.45795061686550975 0.19209683432754882 0.4577387811822126 0.19124949159436008 0.453502067516269 0.19357968411062906 0.4484180111171367 0.1954862052603037 0.4469351613340564 0.194638862527115 0.44333395471800435 0.19993475460954446 0.4418511049349241 0.1995110832429501 0.44757066838394793 0.20311228985900218 0.45096003931670287 0.20353596122559653 0.4575269454989154
0 0.20862001762472887 0.4384617340021692 0.2039596325921909 0.44121559788503256 0.20798451057483733 0.44460496881778744 0.20544248237527116 0.4522310534164859 0.20438330395878526 0.4587979595986985 0.20946736035791758 0.45922163096529284 0.21391590970715835 0.4545612459327549 0.21285673129067245 0.4473588327006508 0.20989103172451193 0.44481680450108463
0 0.2700523657809111 0.39567092597613884 0.2666629948481562 0.39249339072668116 0.26200260981561824 0.39270522640997835 0.2571303890997831 0.3884685127440347 0.25755406046637747 0.3835962920281996 0.26094343139913234 0.38084242814533625 0.266451159164859 0.38105426382863344 0.2689931873644252 0.3835962920281996 0.268781351681128 0.3882566770607376 0.27365357239696314 0.39291706209327554
0 0.3306373712039046 0.3761820431127983 0.33169654962039047 0.37978324972885036 0.32873085005423 0.38190160656182215 0.33106104257049895 0.38613832022776573 0.3365687703362256 0.38613832022776573 0.3399581412689805 0.3835962920281996 0.3403818126355749 0.38126609951193063 0.3378397844360087 0.379359578362256 0.3367806060195228 0.3761820431127983
1 0.20376693392917347 0.4234372599904213 0.20609224759615385 0.4294183193108974 0.19996653962851887 0.4317998694166299 0.1976412259615385 0.42581881009615385
