1 0.48248731107891546 0.4348523728141037 0.4897563030217236 0.4423368071893074 0.4819724912715118 0.4498965588098279 0.4747034993287037 0.44241212443462413
0 0.500801282051282 0.4632411858974359 0.4987146100427351 0.46657986111111116 0.49287192841880345 0.46657986111111116 0.49161992521367526 0.4707532051282052 0.49829727564102566 0.47993456196581197 0.5053919604700855 0.4790998931623932 0.5037226228632479 0.47450921474358976 0.5083133012820513 0.4728398771367522
0 0.5556460151437372 0.5373981327002054 0.5598570649383984 0.5382002374229979 0.5630654838295688 0.5345907661704312 0.5692817954312115 0.5349918185318275 0.5708860048767967 0.5408070777720739 0.5686802168891171 0.5450181275667352 0.5628649576488707 0.5438149704825462 0.5598570649383984 0.5472239155544149
0 0.5746960023100617 0.6025691414271047 0.5742949499486654 0.6061786126796715 0.569883373973306 0.6069807174024641 0.5678781121663244 0.6105901886550308 0.5704849525154004 0.6146007122689938 0.5752975808521561 0.6139991337268994 0.5775033688398358 0.6105901886550308 0.5801102091889118 0.6097880839322383
0 0.6467809020748988 0.6946206034919029 0.6483623798076923 0.6910622785931174 0.6535021824392713 0.6877016384109312 0.658444300354251 0.6914576480263158 0.659432723937247 0.6952136576417004 0.6542929213056681 0.6981789283906883 0.6517230199898786 0.6962020812246964 0.6489554339574899 0.6981789283906883
0 0.6519207047064778 0.7060863170546559 0.6548859754554656 0.7035164157388665 0.6598280933704453 0.7013418838562753 0.6645725265688259 0.7056909476214576 0.6633864182692308 0.7106330655364372 0.6568628226214576 0.7106330655364372 0.6548859754554656 0.7090515878036437 0.6523160741396762 0.710435380819838
3 0.6206865194838057 0.6665493737348178 0.613767554402834 0.680189619180162 0.6135698696862348 0.6886900619939271 0.6195004111842105 0.6886900619939271 0.6216749430668016 0.6863178453947368 0.6193027264676114 0.6799919344635628 0.6242448443825911 0.6734683388157895
1 0.5288711082135313 0.5177200032047686 0.5405861068869091 0.5127669812081379 0.5452872803074399 0.5238863019828692 0.5335722816340621 0.5288393239795
1 0.6343292934380149 0.6686274472134279 0.644101821219511 0.6644956887374811 0.6494992986284289 0.6772619233167083 0.6397267708469327 0.6813936817926551
1 0.6227108011221946 0.6879773223192021 0.6323754817919972 0.6838911608707398 0.6378097724438903 0.6967444669576061 0.6281450917740876 0.7008306284060684
1 0.639366539849393 0.724970792986788 0.6478704378728247 0.7213754025696403 0.652668363985873 0.7327235649819134 0.6441644659624414 0.7363189553990611
1 0.6393647995280853 0.7497109069606372 0.6510797982014631 0.7447578849640065 0.6557809716219939 0.7558772057387378 0.6440659729486161 0.7608302277353686
1 0.5863748890485242 0.6353001577744299 0.5944762963551483 0.6308743387915825 0.600370733989916 0.6416640345084247 0.5922693266832918 0.6460898534912719
2 0.5023068405511811 0.42791123277559057 0.4978853961614173 0.42579662893700787 0.49480960875984253 0.42560439222440943 0.4921182947834646 0.4267578125 0.49115711122047245 0.42810346948818895 0.49154158464566927 0.43194820374015747 0.4938484251968504 0.435792937992126 0.4967319758858268 0.43733083169291337 0.5001922367125984 0.43771530511811024 0.5028835506889764 0.43636964812992124 0.5038447342519685 0.4346395177165354 0.5038447342519685 0.4313714936023622
