0 0.3355158477596742 0.4966188263747454 0.3365103105906314 0.498209966904277 0.3347202774949084 0.5019889256619144 0.33412359979633405 0.5061656695519348 0.345261583503055 0.5065634546843177 0.3456593686354379 0.503580066191446 0.3440682281059063 0.5011933553971486 0.345261583503055 0.49701661150712834
0 0.3818578156822811 0.5075579175152749 0.38026667515274953 0.5216792897148675 0.38344895621181263 0.5262538187372708 0.3939902622199593 0.5210826120162932 0.39339358452138495 0.5155136201629328 0.3884212703665988 0.5113368762729124 0.38901794806517315 0.507160132382892
0 0.4172606924643585 0.5025856033604887 0.4190507255600815 0.5009944628309572 0.41706179989816705 0.4976132892057027 0.41407841140529533 0.4920442973523422 0.41706179989816705 0.4846852724032587 0.42302857688391043 0.4862764129327902 0.42621085794297353 0.4940332230142566 0.42461971741344195 0.49960221486761713 0.42621085794297353 0.5041767438900203
0 0.4554480651731161 0.5021878182281059 0.45684031313645623 0.49920442973523427 0.4528624618126273 0.4984088594704685 0.45345913951120165 0.4922431899185336 0.4614148421588595 0.49264097505091653 0.46161373472505096 0.498209966904277 0.4600225941955194 0.498209966904277 0.46300598268839105 0.5009944628309572
0 0.49801107433808556 0.5103424134419552 0.4994033223014257 0.5077568100814663 0.4934365453156823 0.5055689918533605 0.49104983452138495 0.5 0.4966188263747454 0.49701661150712834 0.503580066191446 0.5019889256619144 0.5029833884928716 0.5061656695519348 0.5063645621181262 0.508950165478615
0 0.5646400840122199 0.5171047606924644 0.5616566955193483 0.5208837194501018 0.562452265784114 0.5248615707739307 0.5650378691446029 0.5248615707739307 0.5680212576374745 0.5228726451120163 0.5664301171079429 0.5192925789205702 0.5676234725050916 0.5169058681262729
3 0.5527065300407331 0.5143202647657841 0.5533032077393075 0.5190936863543788 0.5525076374745417 0.525856033604888 0.5550932408350305 0.5272482815682281 0.5576788441955193 0.5262538187372708 0.5566843813645621 0.5230715376782077 0.5560877036659877 0.5194914714867617 0.5600655549898167 0.5153147275967414
3 0.6147610106924644 0.4986077520366599 0.615954366089613 0.4942321155804481 0.6107831593686354 0.48667419806517315 0.6151587958248472 0.48309413187372713 0.6151587958248472 0.4882653385947047 0.6161532586558044 0.4916465122199593 0.6205288951120163 0.4952265784114053
1 0.44947391314858026 0.5139235020968991 0.4576348703587425 0.5113990222002829 0.4594708557380997 0.5173342638076734 0.45130989852793746 0.5198587437042896
1 0.4810686916744401 0.5154827309981551 0.4924867231058291 0.5166283554376849 0.491554578777336 0.5259187065109343 0.4801365473459469 0.5247730820714045
1 0.5202679823095795 0.4968293127025653 0.5286673744589656 0.4942310762360737 0.5316000320599229 0.5037115609987172 0.5232006399105368 0.5063097974652088
