3 0.13160923549107142 0.030465262276785695 0.12492443266369047 0.033081054687499986 0.11853027343749999 0.032209123883928555 0.1147519066220238 0.035406203497023794 0.11649576822916666 0.04034714471726189 0.12259928385416666 0.04005650111607141 0.12870279947916666 0.0365687779017857 0.13335309709821427 0.035696847098214274
3 0.13219052269345238 0.0499383835565476 0.12288992745535714 0.047903878348214274 0.11882091703869047 0.044416155133928555 0.11417061941964285 0.04557872953869046 0.11417061941964285 0.05284481956845237 0.11882091703869047 0.05284481956845237 0.12986537388392855 0.053716750372023794 0.13364374069940474 0.05633254278273808
0 0.19302262931034483 0.1853448275862069 0.18992456896551724 0.1875 0.1869612068965517 0.1861530172413793 0.18359375 0.18911637931034483 0.1841325431034483 0.19383081896551724 0.18709590517241378 0.1958512931034483 0.19207974137931033 0.19571659482758622 0.19288793103448276 0.19302262931034483 0.1961206896551724 0.19167564655172414
0 0.23787715517241378 0.3102101293103448 0.23679956896551724 0.3146551724137931 0.2310075431034483 0.31398168103448276 0.22817887931034483 0.31654094827586204 0.2279094827586207 0.3226023706896552 0.23141163793103448 0.32623922413793105 0.23895474137931033 0.32556573275862066 0.24057112068965517 0.3197737068965517 0.2443426724137931 0.31829202586206895
0 0.2504040948275862 0.3302801724137931 0.24892241379310345 0.3331088362068966 0.24326508620689655 0.33526400862068967 0.24380387931034483 0.3419989224137931 0.2482489224137931 0.34401939655172414 0.2528286637931034 0.3415948275862069 0.2528286637931034 0.33836206896551724 0.2574084051724138 0.33836206896551724
3 0.27033943965517243 0.3441540948275862 0.27869073275862066 0.34307650862068967 0.2840786637931034 0.3394396551724138 0.28838900862068967 0.34307650862068967 0.28529094827586204 0.3481950431034483 0.2768049568965517 0.34900323275862066 0.27262931034482757 0.3487338362068966
0 0.2920258620689655 0.42429956896551724 0.2933728448275862 0.4261853448275862 0.2951239224137931 0.4224137931034483 0.29943426724137934 0.4213362068965517 0.30212823275862066 0.42376077586206895 0.30226293103448276 0.42780172413793105 0.3002424568965517 0.42955280172413796 0.296875 0.42887931034482757 0.2956627155172414 0.4273976293103448 0.2945851293103448 0.4306303879310345
3 0.29835668103448276 0.44558189655172414 0.3019935344827586 0.4480064655172414 0.3098060344827586 0.4447737068965517 0.31384698275862066 0.4470635775862069 0.31330818965517243 0.45110452586206895 0.3063038793103448 0.4521821120689655 0.30280172413793105 0.4535290948275862
0 0.3867524245689655 0.706829202586207 0.3894463900862069 0.7081761853448276 0.3928138469827586 0.7043036099137931 0.3993803879310345 0.7054822198275862 0.4015692349137931 0.7162580818965517 0.3973599137931035 0.7192887931034483 0.3936557112068966 0.7204674030172414 0.3918036099137931 0.7155845905172414 0.38927801724137934 0.720635775862069
0 0.4190800107758621 0.7772090517241379 0.42227909482758624 0.7772090517241379 0.4221107219827586 0.770305765086207 0.4263200431034483 0.7669383081896552 0.4335600754310345 0.769463900862069 0.43524380387931033 0.7768723060344828 0.4315396012931035 0.7814183728448276 0.4263200431034483 0.7809132543103449 0.42429956896551724 0.7846174568965517
0 0.5040592487760098 0.9705859853121175 0.5031030064259486 0.9759648485312118 0.4961702493880049 0.9773992120563035 0.4923452799877601 0.9822999541003672 0.4952140070379437 0.9907866049571603 0.4980827340881273 0.9935358017135864 0.5064498546511628 0.9918623776009792 0.507406097001224 0.9873202264381885 0.5058522031823746 0.9839733782129743 0.5066889152386781 0.9806265299877601 0.5115896572827417 0.9808655905752754
2 0.14033203125 0.0197265625 0.14326171875 0.0166015625 0.14638671875 0.01533203125 0.14990234375 0.01572265625 0.1533203125 0.0173828125 0.15419921875 0.01943359375 0.155078125 0.02197265625 0.1548828125 0.02470703125 0.15419921875 0.0271484375 0.152734375 0.02919921875 0.15 0.03037109375 0.14716796875 0.03076171875 0.1455078125 0.03076171875 0.14345703125 0.03046875 0.14248046875 0.02978515625 0.1408203125 0.0279296875 0.14013671875 0.02548828125 0.1396484375 0.02197265625
2 0.14990234375 0.0828125 0.14990234375 0.08017578125 0.1501953125 0.0783203125 0.151171875 0.07626953125 0.1521484375 0.07578125 0.15419921875 0.07529296875 0.15654296875 0.0751953125 0.1583984375 0.07568359375 0.16044921875 0.07705078125 0.1619140625 0.078515625 0.16279296875 0.08115234375 0.1630859375 0.08408203125 0.1634765625 0.0869140625 0.16318359375 0.08837890625 0.16259765625 0.08994140625 0.16171875 0.09140625 0.159765625 0.09189453125 0.157421875 0.0921875 0.1544921875 0.0919921875 0.151953125 0.0908203125 0.15029296875 0.08857421875 0.1494140625 0.0861328125 0.14912109375 0.083984375
2 0.18837890625 0.17646484375 0.18798828125 0.17763671875 0.1869140625 0.1794921875 0.1859375 0.18076171875 0.1845703125 0.18212890625 0.18212890625 0.1826171875 0.1798828125 0.18271484375 0.1767578125 0.1818359375 0.17568359375 0.1806640625 0.17421875 0.179296875 0.17353515625 0.17724609375 0.173046875 0.17412109375 0.1736328125 0.1720703125 0.175 0.16943359375 0.1765625 0.1681640625 0.1791015625 0.16748046875 0.18154296875 0.16689453125 0.183984375 0.16787109375 0.18525390625 0.16875 0.18740234375 0.171484375 0.18818359375 0.17294921875 0.18876953125 0.174609375
2 0.27587890625 0.35849609375 0.27607421875 0.35654296875 0.2767578125 0.35517578125 0.278515625 0.354296875 0.2806640625 0.35380859375 0.28291015625 0.35361328125 0.28544921875 0.35361328125 0.28798828125 0.3552734375 0.28974609375 0.3572265625 0.290234375 0.35888671875 0.29072265625 0.36220703125 0.29052734375 0.36552734375 0.28876953125 0.367578125 0.28583984375 0.3685546875 0.2837890625 0.36875 0.2806640625 0.3677734375 0.277734375 0.3654296875 0.2755859375 0.36201171875 0.27529296875 0.359375
