0 0.020460559475806467 0.6525485131048387 0.022980720766129045 0.647980720766129 0.01967300907258066 0.6426253780241935 0.025500882056451627 0.6301820816532258 0.03573903729838711 0.630339591733871 0.03873172883064518 0.6345923639112904 0.0369991179435484 0.643097908266129 0.03195879536290324 0.6453030493951613 0.032431325604838725 0.6516034526209677
0 0.033691406250000014 0.6602665070564516 0.034006426411290334 0.664519279233871 0.041251890120967756 0.6682995211693549 0.037629158266129045 0.6744424143145161 0.026760962701612916 0.6711347026209677 0.025028351814516143 0.6662518901209677 0.027863533266129045 0.6638892389112904 0.02707598286290324 0.6597939768145161
0 0.09606539818548389 0.6624716481854839 0.09575037802419356 0.6653068296370968 0.09228515625000001 0.6656218497983871 0.09401776713709678 0.6700321320564516 0.10094821068548389 0.671449722782258 0.10409841229838711 0.6681420110887096 0.10189327116935484 0.6659368699596774 0.10236580141129033 0.6615265877016129
3 0.11008379536290323 0.6542811239919355 0.1102413054435484 0.6478232106854839 0.10551600302419356 0.6448305191532258 0.0984280493951613 0.6432554183467742 0.09748298891129033 0.6393176663306451 0.1004756804435484 0.6369550151209677 0.10598853326612905 0.6377425655241935 0.10803616431451614 0.6416803175403226 0.11244644657258066 0.6473506804435484 0.1151241179435484 0.6545961441532258
0 0.23420173891129034 0.6591639364919355 0.23246912802419356 0.6561712449596774 0.22931892641129034 0.6571163054435484 0.22727129536290325 0.6523910030241935 0.23089402721774194 0.647980720766129 0.23766696068548387 0.6492408014112904 0.23735194052419356 0.6539661038306451 0.24050214213709678 0.6571163054435484
0 0.2627110635080645 0.6427828881048387 0.2628685735887097 0.6397901965725806 0.2578282510080645 0.6394751764112904 0.25625315020161293 0.6358524445564516 0.2576707409274194 0.6295520413306451 0.2633411038306452 0.6278194304435484 0.2683814264112903 0.6289220010080645 0.26948399697580644 0.63427734375 0.2672788558467742 0.6358524445564516 0.27042905745967744 0.6402627268145161
0 0.29956842237903225 0.6355374243951613 0.30035597278225806 0.6317571824596774 0.29468560987903225 0.6243542086693549 0.2994109122983871 0.6185263356854839 0.3074439264112903 0.618683845766129 0.30949155745967744 0.6248267389112904 0.30571131552419356 0.6298670614919355 0.30901902721774194 0.6367975050403226
0 0.33894594254032256 0.6545961441532258 0.33878843245967744 0.6582188760080645 0.33343308971774194 0.6612115675403226 0.3353232106854839 0.6689295614919355 0.3416236139112903 0.6722372731854839 0.3468214465725806 0.6705046622983871 0.34760899697580644 0.664519279233871 0.3455613659274194 0.6607390372983871 0.3460338961693548 0.6545961441532258
0 0.4384923135080645 0.6468781502016129 0.4394373739919355 0.6426253780241935 0.4351846018145161 0.640105216733871 0.4348695816532258 0.6339623235887096 0.4436901461693548 0.6309696320564516 0.4484154485887097 0.6319146925403226 0.4498330393145161 0.6386876260080645 0.4471553679435484 0.6413652973790323 0.4507780997983871 0.6468781502016129
0 0.532683341733871 0.6306546118951613 0.532683341733871 0.6336473034274194 0.5289030997983871 0.635222404233871 0.5285880796370968 0.6394751764112904 0.5334708921370968 0.643097908266129 0.5388262348790323 0.6434129284274194 0.5402438256048387 0.6388451360887096 0.5404013356854839 0.6347498739919355 0.5372511340725806 0.6334897933467742 0.5374086441532258 0.6292370211693549
0 0.6115958921370968 0.5846616683467742 0.6126984627016129 0.5878118699596774 0.6114383820564516 0.5914346018145161 0.613801033266129 0.5948998235887096 0.6183688256048387 0.5947423135080645 0.6221490675403226 0.591277091733871 0.6215190272177419 0.5876543598790323 0.6169512348790323 0.5870243195564516 0.6164787046370968 0.5830865675403226
0 0.6634167086693549 0.555207283266129 0.666566910282258 0.557097404233871 0.6638892389112904 0.5654454385080645 0.6687720514112904 0.5687531502016129 0.67822265625 0.5654454385080645 0.6802702872983871 0.5591450352822581 0.67822265625 0.5553647933467742 0.6741273941532258 0.5548922631048387 0.6720797631048387 0.5520570816532258
0 0.7466913479477612 0.5124621035447761 0.7493149486940298 0.510567280783582 0.7501894822761194 0.5075064132462687 0.7471286147388059 0.5053200792910447 0.7474201259328358 0.5019677005597014 0.7529588386194029 0.5013846781716418 0.754853661380597 0.5041540345149254 0.7545621501865671 0.5088182136194029 0.7583517957089552 0.5127536147388059
0 0.7993091184701492 0.49788654384328357 0.803681786380597 0.4926393423507463 0.8013496968283581 0.4875378964552239 0.8039732975746268 0.48258220615671643 0.8090747434701492 0.48199918376865675 0.8125728777985074 0.4836024953358209 0.8144677005597014 0.48841243003731344 0.8125728777985074 0.4930766091417911 0.8144677005597014 0.49570020988805974
0 0.9059495192307692 0.4744257478632478 0.9084535256410255 0.4722556089743589 0.9084535256410255 0.4682491987179487 0.903946314102564 0.4669137286324786 0.9027777777777777 0.4609041132478632 0.9062833867521367 0.45673076923076916 0.9119591346153846 0.4578993055555555 0.9147970085470085 0.4647435897435897 0.9139623397435896 0.4699185363247863 0.9129607371794871 0.47475961538461536
0 0.9451789529914529 0.4864449786324786 0.9461805555555555 0.48811431623931617 0.9415064102564101 0.4939569978632478 0.9426749465811965 0.4986311431623931 0.9490184294871794 0.5021367521367521 0.954861111111111 0.4991319444444444 0.954861111111111 0.4932892628205128 0.9518563034188033 0.4894497863247863 0.9508547008547008 0.4842748397435897
0 0.9740584935897435 0.46741452991452986 0.9765624999999999 0.46874999999999994 0.974392361111111 0.4712540064102564 0.9782318376068375 0.4757612179487179 0.9839075854700854 0.47526041666666663 0.9860777243589742 0.4714209401709401 0.9840745192307692 0.46758146367521364 0.985576923076923 0.46424278846153844
0 0.6410227984140234 0.5557569908180301 0.6421640233722872 0.5485835767946579 0.6380882199499166 0.5433665484140234 0.6390664127712855 0.5337476523372288 0.6442834411519199 0.5306500417362271 0.6519459515859767 0.5335846202003339 0.654391433639399 0.5438556448247079 0.6495004695325542 0.5480944803839733 0.6514568551752922 0.5518442195325542
1 0.11513449928977272 0.6616765802556818 0.12758611085829963 0.6669410371892165 0.1220703125 0.6799871271306818 0.10961870093147312 0.6747226701971469
1 0.23701980587068064 0.6674977887656416 0.24674197809557508 0.660846492889554 0.2535733309659091 0.6708318536931818 0.24385115874101465 0.6774831495692691
1 0.4025545987215909 0.6328235973011364 0.4214200106534091 0.6328235973011364 0.4214200106534091 0.6458629261363636 0.4025545987215909 0.6458629261363636
1 0.37897283380681823 0.6544633345170454 0.3903475674715909 0.6544633345170454 0.3903475674715909 0.6675026633522727 0.37897283380681823 0.6675026633522727
1 0.39450905539772724 0.6539084694602273 0.4064386541193182 0.6539084694602273 0.4064386541193182 0.6675026633522728 0.39450905539772724 0.6675026633522728
1 0.480289739204278 0.6530919213998164 0.49220767790144987 0.648053097737315 0.49703529631474097 0.6594714890438247 0.485117357617569 0.6645103127063261
4 0.4964516932270916 0.613172310756972 0.5040385333665338 0.613172310756972 0.5040385333665338 0.6349601593625498 0.4964516932270916 0.6349601593625498
1 0.523325579025857 0.607822395300199 0.5402442850650593 0.6025888262257846 0.5447302014145576 0.6170905742593865 0.5278114953753553 0.622324143333801
1 0.5847888262196591 0.6035185665656345 0.5965854278184003 0.5954480771985933 0.602336666126943 0.6038546389248706 0.5905400645282018 0.6119251282919117
1 0.7926311371837841 0.5097938517739243 0.8041563240695826 0.5049210809139187 0.8090031304873815 0.5163848561188863 0.7974779436015831 0.5212576269788918
2 0.8845703125 0.4755859375 0.8830078125 0.47421875 0.8818359375 0.47177734375 0.88291015625 0.467578125 0.88583984375 0.46484375 0.890625 0.4642578125 0.89482421875 0.46474609375 0.8974609375 0.46796875 0.898828125 0.47275390625 0.89765625 0.47529296875 0.89580078125 0.4763671875 0.8921875 0.47724609375 0.88779296875 0.47734375 0.88544921875 0.4763671875
2 0.634375 0.57041015625 0.63798828125 0.57099609375 0.640234375 0.57216796875 0.6419921875 0.5744140625 0.6423828125 0.5759765625 0.64267578125 0.5794921875 0.6419921875 0.5818359375 0.6400390625 0.58486328125 0.63779296875 0.58564453125 0.63359375 0.5853515625 0.62998046875 0.584375 0.6283203125 0.58193359375 0.62724609375 0.578125 0.62900390625 0.57421875 0.63173828125 0.5708984375
2 0.52216796875 0.63583984375 0.5232421875 0.6361328125 0.52470703125 0.63779296875 0.526171875 0.640234375 0.526953125 0.64375 0.52578125 0.64619140625 0.5228515625 0.64833984375 0.519140625 0.64853515625 0.5150390625 0.6462890625 0.51376953125 0.6423828125 0.515234375 0.63779296875 0.51787109375 0.6361328125 0.52119140625 0.63564453125
2 0.1291015625 0.65830078125 0.127734375 0.65703125 0.1271484375 0.65458984375 0.12880859375 0.65322265625 0.1318359375 0.65244140625 0.1345703125 0.65322265625 0.1357421875 0.65537109375 0.13603515625 0.65830078125 0.13408203125 0.6599609375 0.13056640625 0.659765625
2 0.05048828125 0.65244140625 0.04892578125 0.65087890625 0.04755859375 0.64853515625 0.04775390625 0.6451171875 0.04970703125 0.643359375 0.0533203125 0.6421875 0.05712890625 0.64345703125 0.0591796875 0.6453125 0.05986328125 0.6490234375 0.05859375 0.6525390625 0.05693359375 0.65341796875 0.0537109375 0.65341796875
