1 0.46478633294226435 0.3758713050226552 0.47556681560984915 0.372536510945283 0.48017023744541487 0.38741812227074235 0.46938975477783 0.39075291634811465
1 0.4904049536026201 0.3665222434497817 0.501919009279476 0.3665222434497817 0.501919009279476 0.37974208515283847 0.4904049536026201 0.37974208515283847
1 0.49147106986899564 0.4326214519650655 0.504051241812227 0.4326214519650655 0.504051241812227 0.44669418668122274 0.49147106986899564 0.44669418668122274
0 0.48038346069869 0.49829421397379914 0.47590577237991266 0.49808099072052403 0.476545442139738 0.494029748908297 0.47334709334061137 0.4897652838427948 0.46353882368995636 0.4904049536026201 0.4605536981441048 0.49552231168122274 0.46353882368995636 0.5042644650655022 0.4739867631004367 0.504051241812227 0.4778247816593887 0.5102347161572052
1 0.5055438045851528 0.5714297898471615 0.5136462882096069 0.5714297898471615 0.5136462882096069 0.5842231850436681 0.5055438045851528 0.5842231850436681
0 0.5014925627729258 0.6134347707423581 0.49872066048034935 0.6110893149563318 0.49594875818777295 0.6130083242358079 0.49125784661572053 0.6091703056768558 0.49147106986899564 0.6032000545851528 0.4968016512008734 0.601707491812227 0.5010661162663755 0.6040529475982532
0 0.5106611626637554 0.6081041894104803 0.5138595114628821 0.6091703056768558 0.5138595114628821 0.6046926173580786 0.5198297625545851 0.6021339383187773 0.523454557860262 0.6061851801310043 0.5226016648471615 0.6127951009825328 0.5157785207423581 0.6136479939956332 0.5095950463973798 0.6149273335152838
0 0.48912561408296945 0.746059634279476 0.48486114901746724 0.7464860807860262 0.47910412117903933 0.7385968204148471 0.4710016375545852 0.7366778111353711 0.46353882368995636 0.7392364901746724 0.46098014465065507 0.7466993040393013 0.4643917167030568 0.7535224481441047 0.4720677538209607 0.7573604667030567 0.48038346069869 0.7571472434497816 0.4880594978165939 0.7569340201965065
2 0.4284611191860465 0.23239159399224804 0.427704093992248 0.23477081602990033 0.42413526093576964 0.2360685735049834 0.4200256955980066 0.2360685735049834 0.41461837278516056 0.23423008374861573 0.41234729720376523 0.22936349321705427 0.41321246885382057 0.2244969026854928 0.4164568625415282 0.22038733734772978 0.4204582814230343 0.2199547515227021 0.4253248719545958 0.22179324127906977 0.42792038690476186 0.22644353889811739
2 0.4744233630952381 0.3283175006921373 0.47226043397009965 0.32496496054817275 0.4682590150885936 0.32453237472314506 0.46479832848837205 0.3272360361295681 0.463500571013289 0.3332922376799557 0.46577164659468434 0.336969217192691 0.47128711586378735 0.33869956049280175 0.4761537063953488 0.3380506817552602 0.4765862922203765 0.33361667704872644
