0 0.45185546875 0.19794921875 0.45517578125 0.19755859375 0.4587890625 0.19404296875 0.46337890625 0.19462890625 0.4666015625 0.19912109375 0.4658203125 0.203125 0.46357421875 0.20615234375 0.4578125 0.20625 0.4548828125 0.20390625 0.4517578125 0.2041015625
0 0.4396302524183797 0.2027518515719468 0.43620578899637247 0.20322419135429262 0.4313643062273277 0.20121674727932287 0.42687707829504234 0.20298802146311973 0.4251058041112455 0.20653056983071344 0.4261685686215236 0.2110177977629988 0.4308919664449819 0.21255290205562274 0.4351430244860943 0.2112539676541717 0.4369142986698912 0.20818375906892383 0.44010259220072556 0.2079475891777509
0 0.4981417117782152 0.49455329314304464 0.5008330257545932 0.49455329314304464 0.5027553928805775 0.49058040108267714 0.5092914411089239 0.4914775057414698 0.5099322301509186 0.4966038180774278 0.5082661786417323 0.49967960547900264 0.50365249753937 0.49929513205380577 0.5016019726049868 0.5022427616469817
3 0.503777534025788 0.5069954333810889 0.5104931500716332 0.5044770773638968 0.5153899534383954 0.5013990866762178 0.5204266654727794 0.501259178008596 0.5221055694842407 0.5044770773638968 0.5207064828080229 0.5069954333810889 0.5177684007879656 0.5074151593839542 0.515669770773639 0.5061559813753582 0.5054564380372493 0.5111926934097422
0 0.5016789040114613 0.5454703169770774 0.49972018266475643 0.5481285816618912 0.4878279459169054 0.5481285816618912 0.4839105032234957 0.5523258416905444 0.48433022922636104 0.5572226450573066 0.48838758058739257 0.5612799964183381 0.4965022833094556 0.5614199050859598 0.5 0.5530253850286533 0.5043371686962751 0.5523258416905444
0 0.43725205317371935 0.21779736219376392 0.430944633908686 0.2176886135857461 0.4286609131403118 0.22029858017817372 0.42887841035634744 0.2258447591870824 0.43540332683741645 0.22834597717149221 0.43768704760579064 0.22617100501113585 0.43572957266146994 0.22323479259465479 0.43910077951002224 0.22345228981069043 0.4387745336859688 0.21779736219376392
1 0.42836736351819754 0.18685008665511263 0.4393685008665511 0.18685008665511263 0.4393685008665511 0.1975127274696707 0.42836736351819754 0.1975127274696707
1 0.44647692807625644 0.2927995017331022 0.4600167894280762 0.2927995017331022 0.4600167894280762 0.3039698873483535 0.44647692807625644 0.3039698873483535
1 0.4725411611785095 0.3100628249566724 0.4840500433275563 0.3100628249566724 0.4840500433275563 0.32174095537261693 0.4725411611785095 0.32174095537261693
1 0.4738951473136915 0.3916404896013865 0.48489628466204504 0.3916404896013865 0.48489628466204504 0.4058573440207972 0.4738951473136915 0.4058573440207972
1 0.5201769495359446 0.6548861060175909 0.5337048808867403 0.649166588378919 0.5388864818024264 0.6614222270363951 0.5253585504516306 0.6671417446750669
1 0.5475951687733797 0.6499779062775562 0.5611838057617419 0.6442327227069822 0.5663047010398613 0.6563447790294626 0.5527160640514991 0.6620899626000367
1 0.4367129711962192 0.24636744737370583 0.44631595586099193 0.24112131294140873 0.4500033632795897 0.2478710669461033 0.44040037861481696 0.2531172013784004
2 0.4699893583887043 0.26699845999446287 0.47236858042635654 0.26418665213178294 0.4771270245016611 0.2636459198504983 0.4810202969269103 0.2650518237818383 0.4818854685769656 0.26905324266334435 0.48069585755813954 0.27413612610741966 0.47874922134551495 0.2771642268826135 0.4752885347452934 0.2777049591638981 0.4709626764950166 0.2762990552325581 0.47020565130121816 0.27413612610741966
2 0.47745146387043186 0.4122391507475083 0.47874922134551495 0.41007622162236984 0.4815610292081949 0.40910290351605755 0.485562448089701 0.40953548934108525 0.4877253772148394 0.4131043223975637 0.48783352367109634 0.4168894483665559 0.4870764984772979 0.42035013496677737 0.48437283707087486 0.4214315995293466 0.4789655142580288 0.4215397459856035 0.4765862922203765 0.4195931097729789
2 0.5030821740033223 0.529578055786268 0.5030821740033223 0.5327143030177187 0.5009192448781838 0.5344446463178295 0.4973504118217054 0.5344446463178295 0.4941060181339978 0.532389863648948 0.4922675283776301 0.5284965912236989 0.49388972522148394 0.5247114652547066 0.49724226536544847 0.5237381471483943 0.500811098421927 0.5250359046234774
2 0.5259010762735327 0.5783521075581396 0.5271988337486158 0.5745669815891473 0.5288210305924695 0.5718633201827243 0.5328224494739757 0.5715388808139535 0.536499428986711 0.5722959060077519 0.5396356762181618 0.5744588351328904 0.5403927014119602 0.5783521075581396 0.5399601155869325 0.581920940614618 0.5388786510243633 0.5841920161960134 0.5356342573366556 0.585922359496124 0.532389863648948 0.5861386524086379 0.528172151854928 0.5858142130398671 0.526874394379845 0.584516455564784
2 0.535093525055371 0.6178255640919159 0.5353098179678849 0.6137159987541528 0.5375808935492802 0.6114449231727576 0.543528948643411 0.610796044435216 0.5478548068936877 0.6117693625415282 0.55023402893134 0.6156626349667774 0.55023402893134 0.6198803467607974 0.5486118320874862 0.6230165939922481 0.5436370950996678 0.6248550837486158 0.5390949439368771 0.624530644379845 0.5356342573366556 0.6225840081672204
