1 0.4920249903697997 0.15105571070878274 0.50737312211094 0.15105571070878274 0.50737312211094 0.17031611132511557 0.4920249903697997 0.17031611132511557
0 0.4763671875 0.1734375 0.4744140625 0.17734375 0.4701171875 0.1765625 0.4671875 0.1806640625 0.469140625 0.18671875 0.476953125 0.1865234375 0.4794921875 0.1833984375 0.4787109375 0.180078125 0.4818359375 0.1765625
1 0.4813351314630543 0.19822714742185532 0.49238949120115044 0.20753810618271254 0.4819461185369457 0.21993691507814472 0.47089175879884965 0.21062595631728748
1 0.509375 0.2197265625 0.5220703125 0.2197265625 0.5220703125 0.233203125 0.509375 0.233203125
4 0.4783203125 0.258203125 0.49852353083632034 0.25195353720979835 0.5024698552675408 0.2647109312630355 0.48226663693122057 0.2709605190532372
1 0.5080078125 0.3408203125 0.5220703125 0.3408203125 0.5220703125 0.356640625 0.5080078125 0.356640625
4 0.5371518017980369 0.46683995150113794 0.5603515625 0.45703125 0.5657879798976363 0.4698895863135803 0.5425882191956733 0.47969828781471835
0 0.5404296875 0.5126953125 0.539453125 0.5162109375 0.535546875 0.515625 0.534375 0.512109375 0.52578125 0.5111328125 0.5228515625 0.513671875 0.5232421875 0.5244140625 0.5271484375 0.526953125 0.5345703125 0.5267578125 0.5361328125 0.523046875 0.54140625 0.523046875 0.543359375 0.52734375
0 0.5661109321305842 0.6127577319587629 0.5630906357388317 0.6201406786941581 0.5533585695876289 0.6204762671821306 0.5500026847079038 0.6261812714776632 0.5533585695876289 0.6318862757731959 0.5647685781786942 0.6308795103092784 0.5698024054982818 0.6198050902061856
3 0.5916156572164949 0.616113616838488 0.6134289089347079 0.6110797895189003 0.617455970790378 0.6191339132302406 0.6120865549828178 0.6218186211340206 0.6026900773195877 0.618127147766323 0.5956427190721649 0.6224897981099656
2 0.4798828125 0.1646484375 0.4783203125 0.159375 0.4744140625 0.1576171875 0.4701171875 0.157421875 0.4642578125 0.1603515625 0.4630859375 0.1697265625 0.469140625 0.1740234375 0.477734375 0.1720703125
2 0.559765625 0.5421875 0.560546875 0.5390625 0.566796875 0.5375 0.5734375 0.5416015625 0.574609375 0.546484375 0.5744140625 0.5525390625 0.57109375 0.5564453125 0.5642578125 0.5560546875 0.5607421875 0.55390625
