0 0.36953125 0.14775390625 0.3712890625 0.1474609375 0.37265625 0.14453125 0.3787109375 0.1451171875 0.37939453125 0.14892578125 0.3783203125 0.15166015625 0.375 0.1517578125 0.37392578125 0.15029296875 0.3724609375 0.15009765625 0.3720703125 0.15234375
0 0.42495467150170646 0.5026130546075085 0.43195392491467577 0.49494720563139927 0.43961977389078494 0.4929474189419795 0.44461924061433444 0.49928007679180886 0.44061966723549484 0.5062793302047781 0.4336204138225256 0.5066126279863481 0.42128839590443684 0.5129452858361775 0.4186220136518771 0.5019464590443685
0 0.42128839590443684 0.5549408063139931 0.41728882252559724 0.5552741040955631 0.41428914249146753 0.5502746373720137 0.4089563779863481 0.5519411262798635 0.4089563779863481 0.5582737841296928 0.410289569112628 0.5622733575085324 0.41528903583617743 0.5606068686006825 0.42295488481228666 0.5599402730375427
1 0.3816492417279411 0.1852596507352941 0.3938562729779411 0.1852596507352941 0.3938562729779411 0.1974666819852941 0.3816492417279411 0.1974666819852941
1 0.36585190716911764 0.22547104779411764 0.3751866957720588 0.22547104779411764 0.3751866957720588 0.24055032169117646 0.36585190716911764 0.24055032169117646
1 0.3683651194852941 0.28471105238970584 0.3812902113970588 0.28471105238970584 0.3812902113970588 0.29763614430147056 0.3683651194852941 0.29763614430147056
1 0.3942153033088235 0.30086741727941174 0.4031910615808823 0.30086741727941174 0.4031910615808823 0.3127154181985294 0.3942153033088235 0.3127154181985294
1 0.3938562729779411 0.3798540900735294 0.40355009191176466 0.3798540900735294 0.40355009191176466 0.39457433363970584 0.3938562729779411 0.39457433363970584
1 0.3942153033088235 0.39924172794117646 0.40355009191176466 0.39924172794117646 0.40355009191176466 0.4118077895220588 0.3942153033088235 0.4118077895220588
1 0.37805893841911764 0.41360294117647056 0.3873937270220588 0.41360294117647056 0.3873937270220588 0.4254509420955882 0.37805893841911764 0.4254509420955882
1 0.3822532063117597 0.442121061621343 0.39082807570662836 0.43946854368184196 0.3943293993867698 0.4507873712830687 0.385754529991901 0.4534398892225698
1 0.4125838217755483 0.49697126961478244 0.41563098141426724 0.48640614049371866 0.4270681486880466 0.4897048104956268 0.4240209890493276 0.5002699396166904
2 0.39404296875 0.27890625 0.39580078125 0.2767578125 0.3994140625 0.27626953125 0.4017578125 0.277734375 0.4033203125 0.28056640625 0.403125 0.2845703125 0.40107421875 0.28603515625 0.39658203125 0.28623046875 0.39453125 0.2849609375 0.39404296875 0.28349609375
2 0.408984375 0.4685546875 0.41123046875 0.46630859375 0.41513671875 0.4654296875 0.41796875 0.46708984375 0.4193359375 0.47001953125 0.41953125 0.47470703125 0.41767578125 0.476953125 0.412890625 0.47763671875 0.409765625 0.47646484375 0.4091796875 0.474609375
2 0.43583984375 0.58056640625 0.43681640625 0.576171875 0.43984375 0.57451171875 0.4458984375 0.57431640625 0.4490234375 0.57880859375 0.44794921875 0.58564453125 0.4458984375 0.5875 0.44150390625 0.58720703125 0.4392578125 0.58603515625
