1 0.7026208310737526 0.12261473020607377 0.7132126152386117 0.12261473020607377 0.7132126152386117 0.13151182890455532 0.7026208310737526 0.13151182890455532
1 0.7199913571041213 0.11880168790672455 0.7322778267353579 0.11880168790672455 0.7322778267353579 0.12960530775488072 0.7199913571041213 0.12960530775488072
0 0.7193558500542299 0.16392268844902388 0.7212623712039045 0.1637108527657267 0.7246517421366594 0.16095698888286336 0.7284647844360086 0.16286351003253796 0.7280411130694142 0.1679475664316703 0.7225333853036876 0.16815940211496747 0.721897878253796 0.16625288096529287 0.7208386998373102 0.16752389506507592
3 0.7049510235900216 0.18214055721258135 0.7026208310737526 0.17705650081344904 0.7015616526572668 0.17345529419739697 0.697113103308026 0.1751499796637744 0.6977486103579175 0.18129321447939264 0.7005024742407808 0.18489442109544468 0.7045273522234273 0.1891311347613883
0 0.7140599579718003 0.23615865645336226 0.715966479121475 0.23509947803687636 0.718296671637744 0.2314982714208243 0.7263464276030368 0.23213377847071584 0.7305831412689804 0.2367941635032538 0.7284647844360086 0.2420900555856833 0.7221097139370932 0.2431492340021692 0.720626864154013 0.24187821990238612 0.7187203430043383 0.2442084124186551
1 0.7429023859278979 0.2612930412496453 0.749012845715835 0.2689931873644252 0.7407384302265341 0.27555935927368436 0.7346279704385968 0.2678592131589043
0 0.7377855545010845 0.28424535656182215 0.734819854934924 0.2872110561279827 0.7305831412689804 0.28615187771149675 0.7271937703362256 0.2893294129609545 0.7269819346529284 0.29356612662689807 0.7305831412689804 0.29780284029284165 0.7356671976681127 0.29674366187635576 0.7382092258676789 0.29377796231019526 0.7384210615509761 0.289964920010846 0.7418104324837309 0.2878465631778742
0 0.8191304568872017 0.37872407131236446 0.8165884286876355 0.38168977087852496 0.8123517150216919 0.38211344224511934 0.8106570295553145 0.3874093343275488 0.8138345648047721 0.39037503389370937 0.8187067855206073 0.39058686957700656 0.820613306670282 0.3863501559110629 0.8233671705531452 0.38317262066160523
0 0.8439152318329718 0.40732188855748375 0.8403140252169197 0.4090165740238612 0.8333234476681127 0.4096520810737527 0.8320524335683297 0.4153716445227766 0.8341707904013015 0.4219385507049892 0.8411613679501084 0.42215038638828634 0.8462454243492408 0.41854917977223427 0.8447625745661604 0.4141006304229935 0.848999288232104 0.411134930856833
1 0.8561642897236139 0.40505435932280714 0.8686872318515623 0.3983747704307357 0.8729741321852797 0.40641188254270266 0.8604511900573314 0.4130914714347741
1 0.8856468614425163 0.4515955463665944 0.8928288463597155 0.4427286716729219 0.9008990306399132 0.4492653538503254 0.8937170457227137 0.4581322285439978
