3 0.4070587407937807 0.749255191284779 0.4094561937397709 0.7383867379296235 0.4064194200081833 0.7351901340016366 0.40689891059738137 0.7308747186988542 0.4115339862929624 0.7294362469312602 0.41616906198854337 0.7315140394844517 0.41648872238134205 0.7364687755728314 0.41393143923895254 0.7387063983224222 0.4126527976677578 0.7537304367839607
0 0.4714703099427169 0.7812212305646481 0.472908781710311 0.7762664944762684 0.4701916683715221 0.7741887019230769 0.47067115896072015 0.7685946450490998 0.47578572524549917 0.766357022299509 0.4815396123158756 0.7692339658346972 0.48233876329787234 0.7754673434942716 0.4777036876022913 0.7767459850654664 0.47850283858428805 0.7832990231178395
1 0.41852847172830954 0.7680542677827986 0.4281947134227113 0.7721410892218757 0.42517430962826575 0.7792850159940696 0.41550806793386397 0.7751981945549924
0 0.5176039599867724 0.7981719163359788 0.5207041583994708 0.7971385168650793 0.5209625082671957 0.7921006944444444 0.5267753802910052 0.7915839947089947 0.5318132027116402 0.793779968584656 0.531167328042328 0.797913566468254 0.5280671296296297 0.7999803654100529 0.529358878968254 0.8034680886243386
1 0.5084685187660178 0.8050348168760135 0.5156930952270616 0.809977415557693 0.5101326717101726 0.8181050640763674 0.5029080952491288 0.813162465394688
0 0.6657694327731093 0.8304446778711484 0.6685049019607843 0.8279827556022409 0.6638546043417367 0.8200498949579832 0.6644016981792717 0.8121170343137255 0.6734287464985994 0.8099286589635855 0.6767113095238095 0.8143054096638656 0.675890668767507 0.8197763480392157 0.6794467787114846 0.8301711309523809
0 0.6994157037815126 0.8400188200280112 0.7002363445378151 0.8435749299719888 0.6944918592436975 0.8468574929971988 0.696953781512605 0.8526019782913166 0.7035189075630253 0.853969712885154 0.7087162990196079 0.8515077906162465 0.7037924544817927 0.8430278361344538 0.7048866421568627 0.8386510854341737
1 0.7489276960784313 0.834000787815126 0.7626050420168067 0.834000787815126 0.7626050420168067 0.8457633053221288 0.7489276960784313 0.8457633053221288
1 0.7672553396358543 0.8334536939775911 0.7812062324929971 0.8334536939775911 0.7812062324929971 0.8452162114845938 0.7672553396358543 0.8452162114845938
1 0.8429689711039317 0.8175180360715116 0.8572640371413062 0.8130960539555883 0.8603319182782709 0.8230136796487827 0.8460368522408963 0.8274356617647058
2 0.46576076600609756 0.792551924542683 0.46790443978658536 0.7951719702743903 0.4677853467987805 0.7986256669207318 0.46456983612804875 0.8019602705792683 0.46040158155487804 0.8027939214939025 0.45444693216463417 0.801364805640244 0.4520650724085366 0.7988638528963415 0.4520650724085366 0.7932664824695123 0.45492330411585363 0.7899318788109757 0.4583770007621951 0.7900509717987806
