1 0.49159896602658787 0.3247034250369276 0.5028503508124077 0.3247034250369276 0.5028503508124077 0.33451232459379615 0.49159896602658787 0.33451232459379615
1 0.5197274279911374 0.34720619460856716 0.5106397710487445 0.34720619460856716 0.5106397710487445 0.3365318039143279 0.5197274279911374 0.3365318039143279
0 0.5068591889880952 0.38537016369047616 0.5041852678571428 0.38560267857142855 0.5004650297619048 0.3814174107142857 0.49267578125 0.38444010416666663 0.494535900297619 0.39432198660714285 0.5072079613095238 0.39513578869047616
1 0.49651227678571425 0.3976934523809524 0.5090680803571428 0.3976934523809524 0.5090680803571428 0.40664527529761907 0.49651227678571425 0.40664527529761907
0 0.5203450520833334 0.43094308035714285 0.5248790922619048 0.43210565476190477 0.5279017857142857 0.4300130208333333 0.5356910342261905 0.435942150297619 0.5297619047619048 0.44315011160714285 0.5226702008928571 0.4411737351190476 0.5226702008928571 0.4365234375 0.5191824776785714 0.4364071800595238
1 0.5369698660714286 0.45803106398809523 0.52197265625 0.45803106398809523 0.52197265625 0.44477771577380953 0.5369698660714286 0.44477771577380953
0 0.5333658854166666 0.5076729910714286 0.5377836681547619 0.5058128720238095 0.5401088169642857 0.5008138020833334 0.5454566592261905 0.5003487723214286 0.5477818080357143 0.5111607142857143 0.5418526785714286 0.509765625 0.5362723214285714 0.5127883184523809
3 0.5208843717849793 0.5224126930543308 0.5173966485706935 0.5256679013876641 0.5099561723802174 0.5253191290662356 0.507863538451646 0.5299694266852831 0.5170478762492651 0.5297369118043308 0.5243720949992651 0.5242728121019499
1 0.5472358539927451 0.5544549905340199 0.5566083002723103 0.5493347997955663 0.5618990384615384 0.5590194310897436 0.5525265921819733 0.5641396218281972
1 0.5428291320772702 0.5729848597481734 0.547201991320781 0.5815764771766505 0.5382756355509349 0.5861197075595187 0.533902776307424 0.5775280901310418
1 0.6484053007800988 0.6931449636050563 0.6525131862896225 0.7037110679818872 0.6393810279927039 0.7088165828294383 0.6352731424831802 0.6982504784526072
