1 0.5593934104684541 0.383874722376367 0.5659493786549707 0.390625 0.5588488009976017 0.3975211846938893 0.5522928328110852 0.39077090707025636
1 0.4939473608061647 0.44240826677837336 0.5054171751870744 0.43614227862403626 0.5094302237803014 0.44348811480057404 0.49796040939939185 0.44975410295491114
1 0.48399147270145476 0.4553987781978321 0.4766918057401254 0.46676733591081476 0.46754753105794367 0.4608958646593107 0.4748471980192731 0.44952730694632803
1 0.44596208617665434 0.4950516913796248 0.439937734962406 0.5026433270676691 0.4330248109723761 0.49715756830043417 0.4390491621866244 0.4895659326123898
1 0.4219919010038385 0.5212247259183944 0.4138229307755382 0.5137418324573546 0.4207549019521509 0.5061742963885844 0.42892387218045114 0.513657189849624
1 0.34095982142857145 0.5301045582706766 0.35770089285714285 0.5301045582706766 0.35770089285714285 0.5437617481203008 0.34095982142857145 0.5437617481203008
1 0.3687413690609902 0.5128607514499617 0.3847019537197574 0.5196087784107847 0.37955515349540087 0.5317821056928953 0.36359456883663366 0.5250340787320723
1 0.3410425230034528 0.5572397262167104 0.35479924558418197 0.5544511004938878 0.3560855263157895 0.5607965225563909 0.34232880373506025 0.5635851482792134
0 0.44169517381656803 0.46896958210059175 0.4391526442307692 0.46839173446745563 0.43302745931952663 0.4753259060650888 0.42447531434911245 0.47104983357988167 0.42690227440828404 0.46053300665680474 0.44851377588757396 0.46307553624260356
0 0.4266711353550296 0.4889631102071006 0.42147050665680474 0.48295349482248523 0.4176567122781065 0.4740546412721894 0.4067931767751479 0.475441475591716 0.40436621671597633 0.4858427329881657 0.41060697115384615 0.4901188054733728 0.4159231693786982 0.4889631102071006 0.4208926590236686 0.49416373890532544
0 0.4304849297337278 0.5001733542899408 0.4303693602071006 0.5052584134615384 0.4345298631656805 0.5089566383136095 0.44481555103550297 0.5076853735207101 0.4458556767751479 0.5199357433431953 0.43487657174556216 0.5238651072485208 0.43106277736686394 0.5186644785502958 0.42979151257396453 0.509765625 0.4236663276627219 0.5053739829881657
