0 0.3312282723700121 0.2506943394800484 0.33087401753325274 0.25707092654171704 0.32071871221281745 0.2759645178355502 0.3261506197097945 0.28682833282950426 0.3367782648125756 0.28659216293833134 0.34185591747279326 0.2803336608222491 0.33701443470374853 0.2581336910519952 0.3380771992140266 0.2528198685006046
0 0.40963667623941963 0.3449261260580411 0.4085739117291415 0.3483505894800484 0.3984186064087062 0.347996334643289 0.39523031287787186 0.352129307738815 0.3961749924425635 0.3602771689842805 0.4060941278718259 0.3625207829504232 0.4094005063482467 0.3596867442563483 0.41424198911729143 0.3589782345828295
0 0.49371666280148424 0.512740607606679 0.4828458371985158 0.512559427179963 0.4721561920222635 0.5042251275510204 0.4601982838589982 0.5083922773654916 0.462553629406308 0.5248796961966605 0.47795396567718 0.5272350417439704 0.48375173933209653 0.5207125463821892 0.49444138450834885 0.5205313659554731
0 0.5406423933209648 0.5540497448979592 0.5469837082560297 0.5538685644712431 0.5504261363636364 0.5449907235621522 0.5620216836734694 0.548614332096475 0.5616593228200372 0.5620216836734694 0.5535062036178108 0.5631087662337663 0.5477084299628943 0.5598475185528757 0.5426353780148423 0.5625652249536178
1 0.5097125349606374 0.5579364189012423 0.5280770748735363 0.55225560099878 0.5329617777459954 0.5680465174485126 0.5145972378330965 0.5737273353509751
1 0.3588065380700017 0.2340196978698143 0.3691368792896658 0.24465621549706718 0.3553827616682182 0.25801441535008096 0.3450524204485541 0.24737789772282817
1 0.37129206127489434 0.2542164840008971 0.37959137761780104 0.262761780104712 0.36973992498165015 0.2723296547425584 0.36144060863874344 0.26378435863874344
1 0.4757887100372756 0.4535264533187781 0.48023125331940114 0.4622549831350795 0.4713678010471204 0.46676619764397903 0.4669252577649948 0.4580376678276777
3 0.372688972513089 0.2970181609947644 0.3683430137434555 0.3034092768324607 0.3491696662303665 0.3059657231675393 0.3425229057591623 0.31568021924083767 0.34891402159685864 0.3197705333769634 0.3611849640052356 0.31363506217277487 0.3829147578534031 0.30622136780104714
0 0.4741670841683367 0.4354177104208417 0.4821909443887776 0.4344391908817635 0.4837565756513026 0.4285680736472946 0.4943245866733467 0.43228644789579157 0.49178043587174347 0.43952749248497 0.483560871743487 0.4385489729458918 0.4780811623246493 0.44011460420841686
3 0.4849307990981964 0.4504869113226453 0.49823866482965934 0.44520290581162325 0.5023484468937875 0.4354177104208417 0.5105680110220441 0.437374749498998 0.5074367484969939 0.4498997995991984 0.48845346943887774 0.45811936372745493
