0 0.9038332129726891 0.754066274947479 0.9010635504201681 0.7497579109768908 0.9034228925945379 0.7405257024684875 0.8969603466386555 0.7350889574579832 0.886702337184874 0.7392947413340336 0.8870100774684875 0.7465779280462185 0.8924468224789917 0.7490398503151261 0.8946010044642858 0.7549894957983193
3 0.7791554959785523 0.7507487851876675 0.7800718414879356 0.7609594922922253 0.7843917560321716 0.7681593498659518 0.7796791219839142 0.7728719839142091 0.7743119554289545 0.7727410774128687 0.7715629189008043 0.766326658847185 0.7745737684316354 0.7612213052949062 0.7737883294235925 0.750879691689008
1 0.21103515625 0.82001953125 0.22060546875 0.82001953125 0.22060546875 0.83115234375 0.21103515625 0.83115234375
1 0.3436656868723678 0.8182511635963658 0.35534893937680856 0.8302806908466932 0.34584662373369274 0.8395094785392765 0.33416337122925205 0.8274799512889492
1 0.654000946969697 0.7763178661616162 0.6640061327561327 0.7763178661616162 0.6640061327561327 0.7868867243867245 0.654000946969697 0.7868867243867245
1 0.7123597541673501 0.7713422631821675 0.7216347998447966 0.7662752826351635 0.7268368998730539 0.7757976628640085 0.7175618541956074 0.7808646434110125
4 0.9144086799577199 0.759587216457969 0.9236043166051415 0.7625328318028407 0.9149013621771115 0.7897017582611322 0.9057057255296899 0.7867561429162605
1 0.9311139396067415 0.7623551615168539 0.9442810744382022 0.7623551615168539 0.9442810744382022 0.7711332514044944 0.9311139396067415 0.7711332514044944
2 0.31107490007267447 0.8158214480377907 0.30993936228197677 0.8118470657703488 0.3105071311773256 0.8061693768168604 0.3139137445494186 0.8027627634447674 0.31873978015988375 0.802478878997093 0.3241335846656977 0.8053177234738372 0.3261207757994186 0.8107115279796512 0.3249852380087209 0.8149697946947674 0.3210108557412791 0.8169569858284883 0.31448151344476744 0.8172408702761628
2 0.43768736373546513 0.7689805141715116 0.4342807503633721 0.7675610919331395 0.43144190588662795 0.7621672874273255 0.43314521257267447 0.7593284429505813 0.43768736373546513 0.7559218295784883 0.44364893713662795 0.7559218295784883 0.44875885719476744 0.7581929051598837 0.45188158611918605 0.7641544785610465 0.44875885719476744 0.7669933230377907 0.44421670603197677 0.7686966297238372
2 0.7116358557412791 0.755637945130814 0.7090808957122092 0.7508119095203488 0.7031193223110465 0.7499602561773255 0.6982932867005813 0.7516635628633721 0.6971577489098837 0.7542185228924418 0.6968738644622092 0.7593284429505813 0.6985771711482558 0.7621672874273255 0.7028354378633721 0.7627350563226744 0.7076614734738372 0.7618834029796512 0.7107842023982558 0.7607478651889534
