0 0.9084863386143931 0.5954828477443609 0.9071227175080558 0.5988394535445757 0.902297596670247 0.6025107411385606 0.9032416420515574 0.6064967105263157 0.9098499597207304 0.6080701194951664 0.9134163533834586 0.6045037258324382 0.9132065655209451 0.6013569078947368 0.9169827470461869 0.5982100899570354
1 0.9497096535982814 0.6067064983888292 0.9418165662860623 0.6133547541178918 0.9360904276542523 0.6065564427976505 0.9439835149664715 0.5999081870685878
1 0.8499363829595503 0.5741999672891853 0.8625443981722127 0.5702998511482791 0.866759297436078 0.5839254746217147 0.8541512822234156 0.5878255907626208
1 0.8158706791306577 0.5501057435748022 0.8276640927914999 0.5401722882822801 0.836313632093832 0.5504413831706324 0.8245202184329898 0.5603748384631546
0 0.7845017118689581 0.5022321428571428 0.7825087271750805 0.5056936425886144 0.7757955155746509 0.5053789607948442 0.7722291219119226 0.5104138694951664 0.7747465762620838 0.5177564446831364 0.7850261815252416 0.5191200657894737 0.7876485298066594 0.5137704752953813 0.7873338480128893 0.5098893998388829 0.7948862110633726 0.5088404605263157
1 0.7562616786188653 0.49430914800548076 0.7638689319268047 0.4847228052364941 0.7743818907945129 0.49306537581318305 0.7667746374865735 0.5026517185821697
1 0.48355785217654174 0.4147143288996373 0.49749187575574366 0.4147143288996373 0.49749187575574366 0.4234526148730351 0.48355785217654174 0.4234526148730351
3 0.5574790281136639 0.4170760278113664 0.5541726496372431 0.42557814389359133 0.5473237227932286 0.43171856106408707 0.551338610943168 0.4383313180169287 0.5579513678960097 0.43821323307134225 0.5601949818621524 0.4336079201934704 0.5603130668077388 0.4273494180773882 0.5643279549576784 0.4175483675937122
2 0.7210967205323194 0.4591329016159696 0.7248098859315589 0.45709066064638787 0.7257381772813688 0.4541201283269962 0.724624227661597 0.4502213046577947 0.7222106701520913 0.44799340541825095 0.7175692134030418 0.44799340541825095 0.7145986810836502 0.4494786715779468 0.7129277566539924 0.45207788735741444 0.7134847314638784 0.455791052756654 0.7170122385931559 0.45857592680608367
2 0.8991430014258556 0.5742410289923955 0.8965437856463878 0.5718274714828897 0.8967294439163499 0.5673716730038023 0.8993286596958175 0.5640298241444868 0.903227483365019 0.5634728493346007 0.9086115731939164 0.5642154824144487 0.911582105513308 0.5655150903041826 0.9143669795627377 0.5690425974334601 0.9162235622623575 0.5751693203422054 0.9147382961026617 0.5792538022813688 0.9121390803231939 0.5818530180608366 0.9076832818441065 0.5827813094106464 0.9039701164448669 0.5816673597908746 0.9011852423954373 0.5792538022813688 0.8998856345057035 0.5768402447718631
