0 0.28429179633471646 0.540521265560166 0.28280601659751037 0.5422771870677732 0.2765927558782849 0.542952541493776 0.27686289764868605 0.5503814401798064 0.28294108748271096 0.5534880705394192 0.2871282849239281 0.5498411566390042 0.2864529304979253 0.5467345262793915 0.2909102697095436 0.5448435338865837
0 0.3283249049100968 0.6058955739972338 0.32467799100968187 0.6085969917012448 0.31981543914246197 0.6092723461272477 0.31927515560165975 0.6172415283540803 0.32764955048409405 0.6214287257952974 0.3333225276625173 0.6180519536652835 0.33264717323651455 0.6153505359612725 0.3358888744813278 0.6134595435684648
0 0.4304103100393701 0.7114603838582677 0.4242587352362205 0.7112681471456693 0.4156080831692913 0.7066544660433071 0.41041769192913385 0.7091535433070866 0.41195558562992124 0.7201110359251969 0.4231053149606299 0.721072219488189 0.4246432086614173 0.7160740649606299 0.43194820374015747 0.7156895915354331
0 0.4398299089566929 0.7695158710629921 0.43483175442913385 0.7666323203740157 0.4290646530511811 0.7624031126968503 0.4246432086614173 0.763556532972441 0.42560439222440943 0.7714382381889764 0.43233267716535434 0.7708615280511811 0.4390609621062992 0.7739373154527559
1 0.38816977314920137 0.6565779919989898 0.3969985698220147 0.649141599148008 0.4022040448177018 0.655321756818977 0.3933752481448885 0.6627581496699587
1 0.34462347350365635 0.6242443417256114 0.35235335858336914 0.6362829244594508 0.34024083924349885 0.6440602836879432 0.33251095416378607 0.6320217009541038
1 0.4600602098108747 0.7927378841607564 0.44782432033096925 0.7927378841607564 0.44782432033096925 0.7756538120567374 0.4600602098108747 0.7756538120567374
1 0.45521202718676124 0.8239047724586288 0.44436133274231676 0.8239047724586288 0.44436133274231676 0.8091293587470448 0.45521202718676124 0.8091293587470448
2 0.29624580536912754 0.5595025866890381 0.29318722035794187 0.5597210570469799 0.2907840464205817 0.5603764681208054 0.28925475391498884 0.5625611717002238 0.28881781319910516 0.5664936381431768 0.28925475391498884 0.5697706935123042 0.2927502796420582 0.5723923378076063 0.2977750978747204 0.57282927852349 0.30192603467561524 0.5717369267337807 0.30345532718120805 0.5695522231543625 0.3036737975391499 0.5667121085011186 0.30345532718120805 0.5636535234899329 0.3003967421700224 0.5605949384787472
2 0.35588821308724833 0.6213296979865772 0.3571990352348994 0.6158679390380314 0.36113150167785235 0.6139017058165549 0.36746714205816555 0.6134647651006712 0.37183654921700227 0.6165233501118569 0.37227348993288595 0.6232959312080537 0.3696518456375839 0.628102279082774 0.36724867170022374 0.6300685123042506 0.3620053831096197 0.6291946308724833 0.35916526845637586 0.6270099272930649 0.3569805648769575 0.6235144015659956
