0 0.25743804466230935 0.38041258169934644 0.26126770152505446 0.3770084422657952 0.2604166666666667 0.37041292211328974 0.2663739106753813 0.3659449891067538 0.2714801198257081 0.3680725762527233 0.275948052832244 0.3733915441176471 0.2733949482570806 0.37679568355119825 0.2689270152505447 0.3797743055555556 0.2629697712418301 0.3838167211328976
0 0.2450980392156863 0.38700810185185186 0.24041734749455337 0.390625 0.2319069989106754 0.39126327614379086 0.2302049291938998 0.40019914215686275 0.2365876906318083 0.4055181100217865 0.24552355664488018 0.4055181100217865 0.24573631535947713 0.39807155501089325 0.24552355664488018 0.3931781045751634 0.25297011165577343 0.38956120642701525
0 0.29121267618694363 0.40973316951038574 0.2965736275964392 0.4081393731454006 0.29744297106824924 0.4010397347922849 0.30439771884273 0.40089484421364985 0.3088893267804154 0.40741492025222553 0.30642618694362017 0.412196309347181 0.30135501669139464 0.41176163761127593 0.29845720511869434 0.4162532455489614
0 0.3942545768307323 0.4964829681872749 0.3958958583433373 0.4935521083433373 0.39296499849939975 0.49062124849939975 0.3951924519807923 0.48323548169267705 0.40222651560624245 0.48393888805522206 0.4079710009003601 0.4881593262304922 0.4072675945378151 0.49448998349339734 0.40363332833133253 0.49601403061224486 0.403047156362545 0.5003517031812725
0 0.4349349114645858 0.5327083958583434 0.44044492797118845 0.5332945678271309 0.4423206782713085 0.5321222238895559 0.44267238145258103 0.5263777385954382 0.44771346038415366 0.5227434723889556 0.45533369597839135 0.5256743322328932 0.45709221188475385 0.5324739270708284 0.4538096488595438 0.5373977716086434 0.4492375075030012 0.5373977716086434 0.4453687725090036 0.5381011779711885 0.4432585534213685 0.540328631452581 0.443844725390156 0.5440801320528211
0 0.44396195978391356 0.5590861344537815 0.4445481317527011 0.5631893382352942 0.4385691776710684 0.5647133853541417 0.4371623649459784 0.5691682923169268 0.4391553496398559 0.573388730492197 0.443844725390156 0.5749127776110444 0.4463066476590636 0.5725680897358943 0.4468928196278511 0.5688165891356542 0.4506443202280912 0.5657684948979592 0.4541613520408163 0.5667063700480193
3 0.48171143457382953 0.576436824729892 0.4902695453181272 0.576436824729892 0.49999999999999994 0.5738576680672269 0.5072685324129652 0.576436824729892 0.5086753451380552 0.5825330132052822 0.5053927821128452 0.5861672794117647 0.5001172343937575 0.5797193877551021 0.49448998349339734 0.579015981392557 0.49073848289315725 0.5822985444177672
3 0.5021229619565217 0.5984649974120083 0.5083907543995859 0.5989704645445134 0.514355266563147 0.5905797101449275 0.5211285261387164 0.5915906444099379 0.5222405538302277 0.5974540631469979 0.5162760416666666 0.6007901462215322 0.505560138457557 0.6038229490165632 0.5037404567805384 0.6076644992236024 0.49919125258799174 0.5969485960144928
2 0.20411165989660265 0.35687084564254057 0.20295767171344165 0.35211064438700146 0.20526564807976366 0.34763894017725255 0.21103558899556868 0.3473504431314623 0.21651703286558344 0.34864867983751846 0.21925775480059082 0.35254338995568685 0.21896925775480058 0.35730359121122596 0.21666128138847857 0.36047705871491875 0.21276657127031018 0.3614867983751846 0.20988160081240767 0.3606213072378139 0.20569839364844902 0.35773633677991135
2 0.3490814254062038 0.4636147525849335 0.34763894017725255 0.457267817577548 0.3496584194977843 0.45438284711964544 0.3531203840472673 0.45279611336779907 0.36047705871491875 0.4548155926883308 0.36336202917282123 0.45596958087149186 0.36682399372230423 0.45986429098966025 0.3671124907680945 0.464191746676514 0.36667974519940916 0.467653711225997 0.3649487629246676 0.47082717872968977 0.3609098042836041 0.47111567577548 0.358457579394387 0.4709714272525849 0.3535531296159527 0.4682307053175775 0.3487929283604136 0.4652014863367799
2 0.426254385155096 0.541220457902511 0.42668713072378134 0.5432399372230428 0.4265428822008862 0.5458364106351551 0.42553314254062036 0.5484328840472673 0.4223596750369276 0.5491541266617429 0.41933045605612995 0.5492983751846381 0.41529149741506644 0.5487213810930576 0.4142817577548006 0.548000138478582 0.4132720180945347 0.5471346473412112 0.41255077548005903 0.5454036650664696 0.4122622784342688 0.5429514401772525 0.41269502400295416 0.5403549667651403 0.41356051514032494 0.5384797359675036 0.4150030003692762 0.5370372507385524 0.41658973412112255 0.536460256646972 0.4213499353766617 0.5370372507385524 0.4226481720827178 0.5374699963072378 0.42423490583456425 0.5381912389217134
