1 0.26767578125 0.33896484375 0.28525390625 0.33896484375 0.28525390625 0.35517578125 0.26767578125 0.35517578125
1 0.26649350219430995 0.4173445066585956 0.27736266646489105 0.4173445066585956 0.27736266646489105 0.42822147397094434 0.26649350219430995 0.42822147397094434
0 0.2677734375 0.50107421875 0.27314453125 0.50078125 0.2759765625 0.49775390625 0.28125 0.49970703125 0.281640625 0.5072265625 0.278515625 0.51103515625 0.2732421875 0.5080078125 0.26748046875 0.508203125
0 0.2525390625 0.60048828125 0.242578125 0.597265625 0.2345703125 0.5978515625 0.23330078125 0.60419921875 0.2384765625 0.60810546875 0.24423828125 0.6068359375 0.24619140625 0.60537109375 0.250390625 0.6091796875
0 0.24059466019417478 0.7015700849514563 0.23376820388349517 0.7013804611650486 0.22978610436893207 0.6998634708737864 0.2204945388349515 0.7006219660194175 0.21935679611650488 0.7110512742718447 0.22599362864077674 0.7154126213592233 0.23319933252427189 0.7121890169902912 0.23509557038834955 0.7082069174757282 0.2411635315533981 0.7082069174757282
0 0.24666262135922332 0.7063106796116505 0.24988622572815536 0.7102927791262136 0.2496966019417476 0.7154126213592233 0.25804004854368934 0.7176881067961165 0.26297026699029125 0.7114305218446603 0.26088440533980584 0.7038455703883495 0.25500606796116504 0.7036559466019418 0.24780036407766992 0.697777609223301
1 0.26505887681159424 0.568743530020704 0.27597696687370604 0.568743530020704 0.27597696687370604 0.5790550595238095 0.26505887681159424 0.5790550595238095
1 0.23250679347826092 0.6797441123188407 0.24342488354037276 0.6797441123188407 0.24342488354037276 0.6900556418219462 0.23250679347826092 0.6900556418219462
1 0.2682938664596274 0.7606188535196687 0.2818403856107661 0.7606188535196687 0.2818403856107661 0.775580680641822 0.2682938664596274 0.775580680641822
2 0.2616861202267303 0.4500065259546539 0.2598215617541766 0.4535025730906921 0.2563255146181384 0.4542017825178997 0.25259639767303105 0.4537356428997613 0.24910035053699287 0.451171875 0.24886728072792366 0.4469766184367542 0.24886728072792366 0.4423152222553699 0.2511979788186158 0.43998452416467776 0.2553932353818616 0.4388191751193317 0.2600546315632458 0.4392853147374701 0.263550678699284 0.4418490826372315 0.2640168183174224 0.4490742467183771
2 0.25306253729116945 0.5814578982696897 0.2528294674821002 0.5851870152147971 0.24816807130071603 0.5861192944510739 0.24467202416467784 0.5861192944510739 0.24140904683770886 0.5844878057875894 0.2400106279832936 0.580758688842482 0.23977755817422436 0.5765634322792362 0.24070983741050123 0.5728343153341289 0.2439728147374702 0.5705036172434367 0.2495664901551313 0.5700374776252983 0.2521302580548926 0.5714358964797136 0.2532956071002387 0.5735335247613365 0.2537617467183771 0.5767965020883055
2 0.255859375 0.6495142825178997 0.2584231428997613 0.6474166542362768 0.2619191900357995 0.647649724045346 0.26634751640811455 0.6483489334725536 0.2670467258353222 0.6516119107995226 0.2670467258353222 0.6548748881264916 0.2665805862171838 0.6576717258353222 0.26471602774463004 0.659769354116945 0.26285146927207637 0.660701633353222 0.2593554221360382 0.6604685635441527 0.25655858442720764 0.6590701446897375 0.2563255146181384 0.6579047956443914 0.25609244480906923 0.6555740975536992 0.255859375 0.6527772598448687
2 0.26121998060859186 0.7795672359785202 0.2584231428997613 0.7763042586515513 0.25492709576372313 0.7756050492243436 0.2516641184367542 0.7763042586515513 0.24933342034606207 0.7795672359785202 0.24933342034606207 0.7832963529236276 0.25096490900954654 0.7867924000596658 0.2537617467183771 0.788190818914081 0.2588892825178998 0.7898223075775656 0.2614530504176611 0.7895892377684963 0.2630845390811456 0.788190818914081 0.263550678699284 0.7867924000596658 0.263550678699284 0.7837624925417661
