0 0.576768147273091 0.39927025836197155 0.5739412558257225 0.40235413994091895 0.5677734926678278 0.4033821004672347 0.5631476702994067 0.4087788932303926 0.5677734926678278 0.41263374520407686 0.5734272755625647 0.41006384388828737 0.5744552360888805 0.40620899191460313 0.581136979509933 0.40466705112512946
3 0.6079494633273703 0.4175285107334526 0.6226241055456172 0.4087936046511628 0.630485521019678 0.408618906529517 0.6308349172629696 0.41246226520572454 0.6261180679785331 0.41595622763864043 0.6222747093023256 0.41543213327370304 0.6110940295169947 0.4211971712880143
1 0.5832819856964646 0.3910275985368974 0.5934485445045744 0.38392199882145717 0.5978520147507627 0.3902224014631026 0.5876854559426529 0.39732800117854283
0 0.6059133638211383 0.43124364837398377 0.6049606199186992 0.4348958333333333 0.600514481707317 0.4368013211382114 0.6011496443089431 0.44315294715447157 0.6057545731707317 0.4458523882113821 0.6097243394308943 0.44378810975609756 0.6098831300813008 0.43838922764227645 0.6084540142276422 0.43648373983739835 0.6100419207317073 0.4326727642276423
0 0.61552734375 0.43505859375 0.61640625 0.43701171875 0.61484375 0.4384765625 0.61259765625 0.4400390625 0.61201171875 0.44384765625 0.61357421875 0.4458984375 0.61708984375 0.44541015625 0.61943359375 0.44296875 0.61826171875 0.4416015625 0.6189453125 0.4400390625 0.621875 0.440234375
0 0.6407830563583815 0.4438899927745665 0.6427023121387283 0.4417449421965318 0.6411217485549132 0.43677745664739887 0.644734465317919 0.4330518424855492 0.6525243858381502 0.43485820086705207 0.6527501806358381 0.4437770953757226 0.6492503612716762 0.4443415823699422 0.6476697976878613 0.44738981213872836
1 0.6591760260166527 0.4476972841980483 0.6642578125 0.4529296875 0.6592570664904249 0.4577864850386437 0.6541752800070777 0.452554081736692
0 0.6767578125 0.47685546875 0.67373046875 0.48125 0.66962890625 0.4828125 0.66923828125 0.48642578125 0.6734375 0.4919921875 0.67890625 0.491015625 0.6806640625 0.486328125 0.67958984375 0.484375 0.68232421875 0.48125
4 0.7153581956282876 0.4701235269381375 0.7237753075564657 0.4677940227314435 0.7290652529930495 0.48690798814336717 0.7206481410648715 0.4892374923500612
1 0.7519278178077026 0.4898386564829635 0.76083979940984 0.4959356711322496 0.7547833256999489 0.5047883942075825 0.7458713440978115 0.4986913795582964
1 0.800567324422989 0.5272804211931226 0.8102521136485555 0.5313750844026005 0.8058656658771229 0.5417500090159234 0.7961808766515563 0.5376553458064456
