1 0.3175250045727642 0.37898994419829063 0.33244245365646574 0.3762754230140483 0.3349729395061831 0.3901815196174988 0.32005549042248155 0.3928960408017411
0 0.3315172697368421 0.40116159539473684 0.33460115131578944 0.40398848684210525 0.33305921052631576 0.4142680921052631 0.34539473684210525 0.41760896381578944 0.35207648026315785 0.4104132401315789 0.3484786184210526 0.4032175164473684 0.34256784539473684 0.4027035361842105 0.3410259046052631 0.39807771381578944
0 0.4263466282894737 0.4027035361842105 0.4222347861842105 0.40784333881578944 0.4170949835526315 0.4124691611842105 0.4217208059210526 0.42043585526315785 0.434313322368421 0.4168379934210526 0.4320004111842105 0.4104132401315789 0.43457031249999994 0.40398848684210525
0 0.5430201480263157 0.4047594572368421 0.5450760690789473 0.40835731907894735 0.5409642269736842 0.4104132401315789 0.5430201480263157 0.4178659539473684 0.5532997532894737 0.41760896381578944 0.5517578125 0.41015624999999994 0.5532997532894737 0.40347450657894735
0 0.5694901315789473 0.4045024671052631 0.5702611019736842 0.4168379934210526 0.5815686677631579 0.4163240131578947 0.5831106085526315 0.41272615131578944 0.5802837171052632 0.40604440789473684 0.5774568256578947 0.405016447368421 0.5769428453947368 0.4019325657894737 0.5684621710526315 0.4016755756578947
0 0.6666324013157894 0.4145250822368421 0.668431332236842 0.4194078947368421 0.6630345394736842 0.4222347861842105 0.6643194901315789 0.42840254934210525 0.6769120065789473 0.43020148026315785 0.6799958881578947 0.4268606085526315 0.6774259868421052 0.42249177631578944 0.6807668585526315 0.41760896381578944
1 0.45667880639097747 0.41280691964285715 0.009912476503759371 0.011380991541353414
1 0.47430098684210525 0.40509721569548873 0.48604910714285715 0.40509721569548873 0.48604910714285715 0.41647820723684215 0.47430098684210525 0.41647820723684215
1 0.49008752349624063 0.4041793937969925 0.5031205944548872 0.4041793937969925 0.5031205944548872 0.4161110784774436 0.49008752349624063 0.4161110784774436
2 0.6138176716549295 0.39492619781187127 0.611852757168008 0.39296128332494973 0.6127369686871227 0.3897191744215292 0.615684340417505 0.3884419800050302 0.6192211864939637 0.3884419800050302 0.6219720667756539 0.3892279457997988 0.6235439983651911 0.3921753175301811 0.6236422440895372 0.39463146063883303 0.6214808381539235 0.39630163795271633 0.619515923667002 0.397185849471831 0.6172562720070423 0.39689111229879276 0.6150948660714286 0.3956139178822938
