0 0.39428683900885936 0.43927576481173863 0.39536830357142855 0.43440917428017717 0.3916913240586932 0.4296507302048726 0.39450313192137315 0.42370267511074194 0.3993697224529346 0.4224049176356589 0.40283040905315615 0.4285692656423034 0.40023489410299 0.43527434593023256 0.39991045473421927 0.440140936461794
1 0.4302084340057339 0.4397511807837729 0.4396002041805094 0.4416549868493909 0.4375570941599133 0.4517339650088551 0.4281653239851377 0.449830158943237
1 0.4829176015479716 0.45554464925220906 0.4938897252214839 0.4577688088316722 0.49168559810497503 0.46864210926289135 0.4807134744314626 0.4664179496834281
1 0.5229317903630327 0.46700817361544267 0.5339039140365449 0.4692323331949058 0.5316997869200362 0.48010563362612496 0.5207276632465238 0.4778814740466617
1 0.5495117859017714 0.49428926708987136 0.5607070698973549 0.49428926708987136 0.5607070698973551 0.5053837178925601 0.5495117859017714 0.5053837178925601
0 0.5095709613787376 0.4824262008582503 0.5089220826411961 0.4857787410022148 0.5044880779346623 0.4870764984772979 0.504812517303433 0.4956200685215947 0.5085976432724253 0.4997296338593577 0.5156271629291251 0.4998377803156146 0.5202774605481728 0.49497118978405313 0.5196285818106313 0.4889149882336655 0.5173575062292359 0.4862113268272425 0.5177900920542636 0.4828587866832779
0 0.6058213074473976 0.5061102747785161 0.6053887216223699 0.5081650574473976 0.5987917877906977 0.5094628149224807 0.598467348421927 0.5159516022978959 0.6018198885658915 0.5194122888981174 0.6089575546788484 0.5193041424418605 0.6141485845791805 0.5148701377353267 0.6129589735603544 0.5095709613787376 0.6130671200166113 0.5071917393410853
0 0.6610841465946844 0.4984318763842746 0.661624878875969 0.4933489929401993 0.6574071670819491 0.4897801598837209 0.6572990206256922 0.4848054228959025 0.6627063434385383 0.4821017614894795 0.6704928882890366 0.48350766542081947 0.6733046961517165 0.48880684177740863 0.6695195701827243 0.49259196774640085 0.6691951308139535 0.4988644622093023
1 0.5847766618021375 0.4833282539508955 0.5990616807189 0.48622397064275447 0.5974133496789187 0.4943554429492193 0.5831283307621562 0.49145972625736034
1 0.6301317767788004 0.4883970798995882 0.6455156433045446 0.48527861576989395 0.6480326893520836 0.49769559375138755 0.6326488228263394 0.5008140578810818
1 0.6373135731359604 0.5076530214177509 0.6492604309165526 0.5076530214177509 0.6492604309165526 0.5168700837893296 0.6373135731359604 0.5168700837893296
