0 0.2505859375 0.23125 0.2544921875 0.23134765625 0.2583984375 0.2271484375 0.2669921875 0.23076171875 0.26806640625 0.24091796875 0.26240234375 0.243359375 0.256640625 0.2419921875 0.25419921875 0.240234375 0.2513671875 0.241015625
0 0.21526974022633744 0.159944594478738 0.21192076045953362 0.159944594478738 0.20816990312071332 0.15485414523319616 0.1989267189643347 0.15458622685185186 0.1951758616255144 0.15753332904663922 0.19557773919753085 0.16476712534293553 0.20173986196844992 0.16838402349108367 0.20830386231138545 0.16758026834705075 0.21647537294238683 0.16758026834705075
0 0.2246468835733882 0.18285161608367628 0.2243789651920439 0.18834394290123457 0.21607349537037038 0.19276459619341563 0.2139301483196159 0.2016059027777778 0.21942247513717422 0.20441904578189302 0.22571855709876543 0.20374924982853224 0.22692418981481483 0.1937023105281207 0.23147880229766804 0.19303251457475995
0 0.29296875 0.3640342620481927 0.2969691265060241 0.36426957831325296 0.29873399849397586 0.35885730421686746 0.3092055722891566 0.3597985692771084 0.309558546686747 0.3687405873493976 0.3010871611445783 0.3680346385542168 0.29508659638554213 0.3716820406626506
3 0.3057934864457831 0.4115681475903614 0.3132059487951807 0.4050969503012048 0.31355892319277107 0.39627259036144574 0.32026543674698793 0.39274284638554213 0.3248541039156626 0.4002729668674698 0.3195594879518072 0.4105092243975903 0.3081466490963855 0.41803934487951805
1 0.1828414641134356 0.09301113405580974 0.19657279375157663 0.0902276557372809 0.20023008866341177 0.10826965796305958 0.18649875902527074 0.11105313628158844
1 0.30232373697171994 0.4761904890406206 0.3158907066525368 0.47199373352098933 0.32028515560139453 0.4861997923143037 0.3067181859205776 0.490396547833935
1 0.30787273231306816 0.4995242792193241 0.3228098394755134 0.49320897160347693 0.32953701497935056 0.5091202379286903 0.3145999078169053 0.5154355455445375
1 0.48028652541651645 0.7386137188744964 0.4952236325789617 0.7322984112586494 0.5019508080827989 0.7482096775838627 0.48701370092035356 0.7545249851997099
1 0.5223766309953052 0.7492721235309479 0.5336753211429421 0.7376385565107757 0.5460675990557343 0.7496741177549976 0.5347689089080973 0.76130768477517
2 0.20528322643198094 0.07802711068019097 0.2066816452863962 0.0749972031622912 0.2101776924224344 0.07243343526252988 0.21623750745823392 0.07359878430787593 0.22043276402147974 0.0766286918257757 0.22299653192124108 0.0787263201073986 0.22439495077565635 0.08175622762529837 0.22253039230310265 0.08478613514319813 0.22206425268496424 0.0861845539976134 0.22113197344868737 0.08758297285202868 0.21926741497613367 0.08921446151551317 0.21530522822195708 0.08944753132458239 0.2122753207040573 0.08921446151551317 0.21110997165871123 0.08851525208830553 0.20831313394988069 0.08571841437947499 0.20621550566825778 0.08292157667064443 0.20528322643198094 0.08059087857995231
2 0.463291505071599 0.6944967556682577 0.46375764468973746 0.6998573612768496 0.4635245748806682 0.7017219197494033 0.4590962485083532 0.703586478221957 0.45047266557279236 0.7021880593675417 0.4474427580548926 0.6979928028042959 0.447908897673031 0.6891361500596658 0.4530364334725537 0.6858731727326969 0.45839703908114554 0.6858731727326969 0.46166001640811455 0.6889030802505967
